
Эксперимент №__, SigmaMilliMeter = 

Эксперимент №__, SigmaMilliMeter = 
655 2
668 2
655 2
658 2
646 2
503 2
505 2
503 2
509 2
643 2
653 2
647 2
662 2
512 2
507 2
514 2
506 2
642 2
655 2
640 2
654 2
512 2
503 2
515 2
514 2
651 2
653 2
652 2
515 2
511 2
511 2
509 2
646 2
653 2
662 2
667 2
515 2
510 2
516 2
510 2
647 2
651 2
655 2
651 2
514 2
513 2
513 2
502 2
659 2
657 2
651 2
638 2
507 2
513 2
512 2
515 2
659 2
658 2
660 2
655 2
658 2
663 2
672 2
665 2
665 2
668 2
665 2
669 2
686 2
694 2
696 2
692 2
681 2
683 2
681 2
679 2
715 2
724 2
708 2
730 2
694 2
699 2
693 2
698 2
695 2
692 2
744 2
745 2
756 2
750 2
699 2
707 2
712 2
710 2
713 2
707 2
756 2
753 2
769 2
752 2
716 2
713 2
710 2
710 2
706 2
702 2
757 2
789 2
838 2
905 2
802 2
781 2
775 2
819 2
837 2
998 2
1040 2
1058 2
839 2
843 2
847 2
844 2
800 2
845 2
938 2
889 2
881 2
921 2
821 2
789 2
774 2
782 2
411 2
268 2
187 0
160 0
141 0
126 0
105 0
96 0
86 0
80 0
74 0
68 0
67 0
64 0
69 0
70 0
75 0
80 0
83 0
89 0
94 0
97 0
103 0
106 0
125 0
128 0
128 0
130 0
153 2
187 2
217 2
217 2
227 2
457 2
434 2
336 2
364 2
230 2
218 2
203 2
235 2
666 2
709 2
836 2
706 2
698 2
151 2
197 2
195 2
182 2
730 2
665 2
695 2
703 2
196 2
179 2
166 2
136 2
616 2
737 2
695 2
698 2
124 2
190 2
172 2
208 2
584 2
691 2
584 2
679 2
193 2
180 2
204 2
175 2
712 2
726 2
739 2
686 2
196 2
182 2
213 2
182 2
697 2
721 2
630 2
706 2
221 2
181 2
158 2
185 2
163 2
176 2
776 2
693 2
721 2
757 2
641 2
162 2
218 2
185 2
188 2
186 2
717 2
620 2
718 2
671 2
715 2
175 2
219 2
210 2
204 2
716 2
656 2
675 2
606 2
181 2
193 2
159 2
757 2
676 2
647 2
690 2
144 2
193 2
172 2
207 2
160 2
169 2
705 2
715 2
716 2
695 2
167 2
153 2
172 2
184 2
162 2
173 2
615 2
604 2
613 2
544 2
221 2
206 2
202 2
213 2
198 2
214 2
599 2
591 2
481 2
516 2
239 2
234 2
224 2
191 2
190 2
167 2
684 2
695 2
723 2
203 2
176 2
161 2
201 2
127 2
149 2
742 2
708 2
661 2
207 2
177 2
165 2
218 2
226 2
672 2
728 2
740 2
643 2
192 2
195 2
158 2
162 2
626 2
61 0
106 2
100 2
80 2
69 0
62 0
64 0
82 0
98 0
108 0
122 0
135 0
149 0
160 0
167 0
174 0
185 0
188 0
186 0
192 0
193 0
195 0
187 0
189 0
193 0
194 0
187 0
180 0
181 0
177 0
176 0
168 0
168 0
167 0
166 0
168 0
165 0
161 0
160 0
157 0
152 0
155 0
151 0
156 0
157 0
153 0
147 0
155 0
150 0
160 0
163 0
171 0
172 0
177 0
187 0
190 0
198 0
206 0
216 0
221 0
228 0
240 0
252 0
261 0
267 0
269 0
293 0
298 0
298 0
310 0
316 0
330 0
333 0
335 0
347 0
349 0
358 0
366 0
368 0
371 2
380 2
373 2
388 2
385 2
403 2
399 2
414 2
397 2
389 2
394 2
398 2
403 2
436 2
436 2
435 2
452 2
408 2
408 2
406 2
412 2
414 2
413 2
462 2
477 2
449 2
462 2
420 2
422 2
426 2
422 2
427 2
495 2
491 2
497 2
497 2
436 2
443 2
434 2
438 2
495 2
490 2
462 2
446 2
404 2
393 2
382 2
373 2
345 0
333 0
320 0
308 0
268 0
248 0
227 0
203 0
170 0
155 0
140 0
126 0
106 0
95 0
82 0
74 0
67 0
48 0
43 0
35 0
34 0
29 0
28 0
26 0
28 0
24 0
25 0
25 0
24 0
26 0
33 0
34 0
46 0
54 0
61 0
65 0
82 0
90 0
98 0
108 0
124 0
131 0
138 0
142 0
150 0
160 0
168 0
173 0
176 0
183 0
192 0
194 0
203 0
206 0
225 0
232 0
244 0
251 0
258 0
269 0
280 0
280 0
291 0
303 0
306 0
313 0
324 0
328 0
337 0
346 0
353 0
350 2
353 2
376 2
376 2
391 2
393 2
370 2
369 2
373 2
377 2
408 2
406 2
427 2
417 2
387 2
382 2
383 2
384 2
388 2
390 2
442 2
450 2
461 2
443 2
398 2
404 2
403 2
399 2
401 2
404 2
459 2
454 2
465 2
466 2
406 2
401 2
401 2
401 2
398 2
392 2
435 2
431 2
435 2
430 2
377 2
374 2
371 2
371 2
364 2
369 2
408 2
388 2
369 0
364 0
377 0
368 0
369 0
361 0
359 0
353 0
360 0
350 0
355 0
356 0
353 0
348 0
353 0
347 0
340 0
341 0
344 0
336 0
335 0
337 0
337 0
333 0
335 0
340 0
338 0
344 0
342 0
346 0
340 0
346 0
340 0
345 0
348 0
354 0
357 0
362 0
367 2
384 2
386 2
392 2
384 2
408 2
419 2
419 2
430 2
412 2
405 2
411 2
411 2
460 2
462 2
439 2
455 2
415 2
411 2
407 2
405 2
412 2
400 2
411 2
408 2
419 2
401 2
384 2
382 2
379 2
375 2
366 0
362 0
369 0
366 0
378 2
379 2
409 2
408 2
420 2
408 2
393 2
397 2
394 2
395 2
419 2
417 2
430 2
417 2
409 2
456 2
490 2
507 2
755 2
822 2
785 2
916 2
719 2
764 2
776 2
767 2
728 2
675 2
1060 2
1025 2
989 2
1033 2
663 2
654 2
674 2
672 2
674 2
687 2
1201 2
1272 2
1258 2
1147 2
305 2
364 2
474 2
317 2
232 2
612 2
1346 2
1359 2
1356 2
781 2
771 2
772 2
783 2
783 2
785 2
1308 2
1313 2
1326 2
1311 2
748 2
759 2
774 2
761 2
1308 2
1348 2
1344 2
1322 2
779 2
771 2
788 2
779 2
1323 2
1287 2
1314 2
1284 2
775 2
763 2
785 2
1299 2
1277 2
1295 2
1282 2
787 2
788 2
762 2
787 2
1273 2
1250 2
1254 2
767 2
774 2
777 2
793 2
773 2
782 2
1274 2
1278 2
1248 2
771 2
779 2
792 2
775 2
765 2
783 2
1238 2
1267 2
1261 2
1282 2
769 2
770 2
779 2
768 2
1251 2
1250 2
1266 2
1272 2
784 2
788 2
774 2
768 2
1264 2
1264 2
1238 2
1274 2
788 2
786 2
790 2
779 2
1284 2
1264 2
1262 2
1264 2
774 2
784 2
791 2
786 2
1264 2
1252 2
1270 2
1273 2
764 2
762 2
759 2
779 2
774 2
755 2
1246 2
1253 2
1258 2
1254 2
764 2
773 2
782 2
781 2
1246 2
1230 2
1209 2
1221 2
613 2
326 2
246 7
169 0
151 0
138 0
132 0
122 0
130 0
143 0
209 2
1222 2
1253 2
1276 2
123 2
123 4
123 4
123 4
123 4
123 4
1284 2
1269 2
1267 2
1259 2
123 4
620 2
123 4
123 4
1239 2
1131 2
317 2
220 0
198 0
206 2
101 4
1272 2
1277 2
1261 2
1256 2
101 4
101 4
101 4
101 4
1262 2
1273 2
1261 2
1276 2
101 4
101 4
101 4
101 4
1277 2
1285 2
1270 2
1358 2
536 2
101 4
101 4
101 4
1234 2
1253 2
1262 2
1276 2
101 4
101 4
101 4
101 4
1244 2
1266 2
1263 2
1254 2
101 4
101 4
101 4
101 4
1295 2
1274 2
1267 2
1246 2
483 2
101 4
101 4
101 4
1255 2
1261 2
1223 2
1204 2
307 2
101 2
510 2
526 2
101 4
101 4
1265 2
1264 2
1283 2
512 2
101 4
521 2
101 4
101 4
101 4
1197 2
129 7
82 0
79 0
85 0
88 0
96 0
101 0
104 0
110 0
114 0
111 0
115 0
119 0
126 0
130 0
131 0
131 0
134 0
136 0
142 0
147 0
150 0
153 0
160 0
166 0
171 0
174 0
192 0
204 0
214 0
218 0
226 0
228 0
237 0
245 0
253 0
265 0
268 0
276 0
277 0
287 0
296 0
305 0
304 0
312 0
322 0
332 0
330 0
341 0
349 0
358 0
357 0
367 0
375 0
388 0
394 0
400 0
410 0
417 0
429 0
435 0
441 0
446 0
451 0
466 0
471 0
477 0
478 0
487 0
486 0
493 0
501 0
515 0
512 0
517 0
528 0
531 0
537 0
536 0
541 0
549 0
558 0
560 0
565 0
564 0
575 0
574 0
578 0
584 0
589 0
591 0
599 0
600 0
385 0
386 0
388 0
386 0
383 0
387 0
384 0
386 0
379 0
384 0
382 0
383 0
380 0
375 0
384 0
380 0
390 0
390 0
388 0
396 0
394 0
406 0
406 0
408 0
415 0
423 0
434 0
442 0
449 0
462 0
475 0
489 0
497 0
502 0
508 0
515 0
514 0
530 0
535 0
533 0
542 0
544 0
552 0
555 0
565 0
566 0
567 0
584 0
592 0
591 0
599 0
600 0
611 0
624 0
627 0
642 0
654 0
672 2
695 2
718 2
724 2
700 2
712 2
730 2
725 2
803 2
781 2
781 2
798 2
736 2
743 2
736 2
740 2
739 2
747 2
816 2
813 2
825 2
837 2
765 2
768 2
774 2
785 2
789 2
792 2
898 2
903 2
916 2
911 2
807 2
813 2
809 2
813 2
812 2
812 2
945 2
900 2
909 2
786 2
792 2
789 2
791 2
788 2
788 2
895 2
872 2
870 2
847 2
767 2
750 2
750 2
734 2
766 2
739 2
745 2
734 2
695 2
691 2
689 2
685 2
695 2
680 2
691 2
695 2
678 2
674 2
679 2
678 2
685 2
669 2
668 2
656 2
667 2
658 2
669 2
654 2
638 2
638 2
626 2
619 0
601 2
602 0
590 0
590 0
585 0
583 0
570 0
566 0
565 0
557 0
544 0
538 0
532 0
529 0
523 0
516 0
515 0
514 0
516 0
509 0
503 0
506 0
497 0
499 0
491 0
491 0
488 0
476 0
478 0
470 0
476 0
472 0
471 0
467 0
467 0
462 0
464 0
467 0
457 0
461 0
451 0
453 0
448 0
446 0
448 0
442 0
432 0
439 0
430 0
423 0
423 0
417 0
408 0
407 0
401 0
408 0
406 0
400 0
406 0
407 0
406 0
411 0
409 0
406 0
404 0
407 0
411 0
412 0
409 0
408 0
409 0
405 0
403 0
410 0
409 0
408 0
410 0
418 0
414 0
413 0
416 0
415 0
427 0
429 0
429 0
437 0
450 0
457 0
458 0
460 0
463 0
475 0
476 0
492 0
494 0
497 0
505 0
513 0
517 0
515 0
535 0
535 0
536 0
542 0
546 0
551 0
555 0
563 0
571 0
567 0
579 0
575 0
575 0
585 0
595 0
593 0
596 0
591 0
599 0
604 0
599 0
596 0
604 0
601 0
608 0
605 0
609 0
615 0
624 0
626 0
625 0
623 0
634 0
642 0
640 0
644 0
640 0
647 0
644 0
645 0
645 0
656 0
659 0
661 0
659 0
673 0
678 0
680 0
682 0
681 0
690 0
689 0
697 0
696 0
701 0
702 0
708 0
716 0
711 0
711 0
719 0
725 0
720 0
731 0
729 0
729 0
736 0
740 0
744 0
741 0
738 0
736 0
745 0
753 0
744 2
750 2
762 2
767 2
766 2
780 2
773 2
782 2
774 2
772 2
771 2
773 2
785 2
787 2
790 2
790 2
785 2
789 2
783 2
817 2
797 2
809 2
796 2
790 2
795 2
795 2
793 2
795 2
830 2
828 2
813 2
821 2
790 2
791 2
792 2
789 2
802 2
796 2
805 2
794 2
775 2
776 2
770 2
768 2
760 2
748 2
755 2
768 2
761 2
762 2
756 2
753 2
747 2
748 2
741 2
713 2
729 2
726 2
718 0
717 2
718 2
706 2
711 0
718 0
716 0
717 0
716 0
717 0
716 0
713 0
710 0
713 0
709 0
693 0
698 0
692 0
686 0
681 0
683 0
683 0
671 0
677 0
676 0
671 0
667 0
661 0
666 0
667 0
670 0
666 0
668 0
673 0
662 0
672 0
674 0
679 0
682 0
679 0
677 0
676 0
679 0
687 0
684 0
678 0
684 0
679 0
671 0
679 0
677 0
678 0
675 0
675 0
669 0
672 0
673 0
668 0
671 0
663 0
664 0
669 0
668 0
670 0
664 0
671 0
667 0
660 0
656 0
664 0
660 0
664 0
659 0
656 0
666 0
659 0
660 0
667 0
659 0
660 0
667 0
659 0
660 0
659 0
662 0
656 0
650 0
659 0
658 0
655 0
655 0
649 0
659 0
658 0
661 0
659 0
667 0
665 0
674 0
682 0
678 0
679 0
696 0
696 0
705 0
709 0
723 0
720 0
728 2
725 0
736 0
745 0
745 2
749 2
751 0
765 2
762 2
771 2
779 2
777 0
779 2
782 2
792 2
776 2
773 2
777 2
777 2
774 2
781 2
782 2
795 2
779 2
777 2
774 2
780 2
794 2
792 2
775 2
791 2
783 2
782 2
781 2
775 2
779 2
788 2
774 2
784 2
784 2
782 2
781 2
776 2
786 2
787 2
782 2
781 2
779 2
779 2
773 2
782 2
773 2
775 2
774 2
775 2
775 2
770 2
771 2
767 2
764 2
759 2
762 2
763 0
773 2
769 2
760 2
754 0
751 2
750 2
746 0
749 0
742 0
742 0
734 0
735 0
734 0
735 0
721 0
716 0
721 0
709 0
705 0
703 0
693 0
698 0
687 0
678 0
670 0
671 0
666 0
657 0
654 0
644 0
642 0
623 0
631 0
628 0
619 0
635 0
626 0
618 0
614 0
618 0
605 0
609 0
603 0
599 0
596 0
599 0
590 0
595 0
596 0
590 0
585 0
587 0
586 0
596 0
590 0
589 0
588 0
587 0
590 0
594 0
594 0
593 0
597 0
605 0
596 0
601 0
596 0
594 0
602 0
594 0
600 0
599 0
601 0
604 0
595 0
595 0
603 0
609 0
601 0
602 0
598 0
607 0
606 0
603 0
600 0
604 0
601 0
611 0
610 0
608 0
611 0
613 0
613 0
613 0
605 0
606 0
601 0
602 0
601 0
594 0
593 0
583 0
582 0
572 0
577 0
559 0
539 0
541 0
529 0
516 0
495 0
497 0
492 0
493 0
491 0
494 0
502 0
499 0
511 0
518 0
529 0
531 0
537 0
563 2
553 2
571 2
575 2
546 2
547 2
532 2
527 0
489 0
487 0
463 0
449 0
427 0
418 0
407 0
407 0
415 0
422 0
438 2
448 2
563 2
620 2
677 2
1055 2
759 2
783 2
798 2
807 2
1263 2
1269 2
1250 2
1251 2
805 2
818 2
814 2
816 2
1282 2
1282 2
1251 2
818 2
803 2
802 2
803 2
795 2
794 2
1251 2
1247 2
1227 2
1167 2
742 2
709 2
732 2
1207 2
1237 2
1247 2
1241 2
808 2
806 2
816 2
801 2
795 2
790 2
1227 2
1250 2
1254 2
1251 2
806 2
804 2
803 2
809 2
810 2
817 2
1256 2
1254 2
1269 2
1277 2
798 2
813 2
810 2
815 2
817 2
795 2
1276 2
1249 2
1277 2
1260 2
801 2
810 2
801 2
817 2
791 2
794 2
1277 2
1277 2
1253 2
1254 2
803 2
796 2
808 2
805 2
816 2
801 2
1267 2
1273 2
1261 2
1244 2
818 2
806 2
819 2
808 2
804 2
790 2
1265 2
1249 2
1255 2
1286 2
1309 2
799 2
804 2
809 2
810 2
1265 2
1274 2
1271 2
1264 2
795 2
801 2
794 2
1251 2
1276 2
1257 2
1251 2
828 2
803 2
803 2
803 2
1272 2
1245 2
1235 2
1262 2
815 2
804 2
823 2
813 2
1280 2
1273 2
1253 2
1244 2
818 2
823 2
803 2
812 2
1274 2
1277 2
1256 2
1260 2
796 2
808 2
806 2
800 2
792 2
803 2
1280 2
1258 2
1245 2
803 2
802 2
809 2
794 2
814 2
815 2
1259 2
1276 2
1280 2
1265 2
800 2
801 2
799 2
813 2
1262 2
1240 2
1275 2
1273 2
798 2
797 2
816 2
803 2
1268 2
1263 2
804 2
814 2
811 2
802 2
1270 2
1267 2
1265 2
1271 2
802 2
814 2
820 2
801 2
1253 2
1270 2
1281 2
1242 2
805 2
795 2
807 2
794 2
813 2
806 2
1271 2
1265 2
1281 2
1289 2
804 2
820 2
796 2
804 2
818 2
1261 2
1258 2
1285 2
1248 2
796 2
804 2
806 2
1263 2
1257 2
1250 2
1268 2
805 2
811 2
816 2
815 2
816 2
803 2
1271 2
1268 2
1262 2
804 2
758 2
491 2
467 2
462 2
489 2
1190 2
1259 2
1276 2
1270 2
816 2
799 2
814 2
815 2
803 2
816 2
1272 2
1249 2
1264 2
1266 2
812 2
809 2
815 2
788 2
807 2
792 2
1258 2
1240 2
1271 2
810 2
794 2
777 2
571 2
482 2
491 0
458 0
445 0
443 0
427 0
421 0
442 0
444 0
456 2
449 0
443 0
434 0
417 0
411 0
391 0
389 0
394 0
400 0
413 0
426 0
434 0
437 0
446 0
460 0
468 0
485 0
491 0
501 0
516 0
529 0
540 0
542 0
555 0
565 0
579 0
595 0
593 0
602 0
611 0
619 0
619 0
627 0
631 0
632 0
634 0
507 0
505 0
506 0
507 0
507 0
509 0
509 0
510 0
510 0
505 0
508 0
508 0
507 0
511 0
510 0
505 0
504 0
496 0
485 0
477 0
468 0
441 0
429 0
414 0
398 0
382 0
359 0
354 0
345 0
338 0
326 0
306 0
296 0
284 0
277 0
267 0
247 0
242 0
230 0
228 0
210 0
197 0
188 0
179 0
158 0
149 0
144 0
139 0
136 0
133 0
132 0
129 0
126 0
131 0
131 0
135 0
136 0
149 0
151 0
163 0
169 0
193 0
201 0
211 0
225 0
251 0
261 0
276 0
290 0
310 0
326 0
336 0
343 0
362 0
378 0
389 0
393 0
419 0
428 0
438 0
447 0
456 0
476 0
490 0
496 0
506 0
514 0
523 0
529 0
538 0
551 0
557 0
570 0
572 0
576 0
591 0
604 0
603 0
612 0
616 0
622 0
632 0
630 0
638 0
651 0
657 0
663 0
670 0
669 0
664 0
669 0
675 0
677 0
682 0
681 0
683 0
688 0
696 0
703 0
702 0
703 0
710 0
708 0
712 0
717 0
720 0
724 0
727 0
732 0
723 0
732 0
736 0
739 0
744 0
745 0
745 0
742 0
746 0
748 0
759 0
756 0
759 0
763 0
763 0
769 0
764 2
772 0
782 2
784 2
780 2
771 2
779 2
779 2
784 2
782 2
803 2
797 2
800 2
796 2
798 2
808 2
801 2
806 2
803 2
812 2
810 2
806 2
810 2
807 2
825 2
827 2
829 2
813 2
811 2
820 2
814 2
817 2
818 2
831 2
840 2
834 2
835 2
817 2
818 2
822 2
819 2
844 2
840 2
842 2
840 2
820 2
819 2
818 2
817 2
817 2
822 2
835 2
853 2
843 2
849 2
819 2
816 2
816 2
813 2
813 2
811 2
814 2
819 2
812 2
807 2
798 2
795 2
798 2
788 2
788 2
782 2
753 2
763 2
737 2
742 2
513 2
738 0
730 2
729 0
723 2
715 0
716 0
710 0
712 0
714 0
705 0
705 0
698 0
696 0
701 0
698 0
702 0
699 0
702 0
695 0
691 0
694 0
688 0
691 0
692 0
686 0
682 0
682 0
685 0
677 0
682 0
671 0
669 0
666 0
660 0
655 0
653 0
646 0
644 0
638 0
625 0
616 0
613 0
607 0
601 0
595 0
590 0
584 0
591 0
567 0
570 0
564 0
561 0
555 0
548 0
544 0
545 0
539 0
531 0
529 0
524 0
512 0
511 0
510 0
499 0
497 0
487 0
483 0
486 0
482 0
478 0
464 0
464 0
459 0
456 0
453 0
438 0
437 0
427 0
420 0
418 0
411 0
408 0
401 0
399 0
391 0
381 0
369 0
364 0
362 0
356 0
346 0
345 0
334 0
330 0
322 0
313 0
311 0
308 0
297 0
294 0
291 0
287 0
283 0
278 0
272 0
275 0
268 0
261 0
256 0
258 0
249 0
245 0
242 0
237 0
236 0
237 0
232 0
231 0
229 0
228 0
224 0
225 0
229 0
223 0
227 0
231 0
236 0
240 0
241 0
246 0
248 0
260 0
265 0
279 0
283 0
288 0
299 0
305 0
313 0
323 0
326 0
342 0
353 0
355 0
365 0
370 0
388 0
400 0
406 0
412 0
428 0
437 0
447 0
451 0
461 0
466 0
477 0
481 0
485 0
491 0
497 0
501 0
507 0
509 0
515 0
521 0
525 0
525 0
533 0
540 0
541 0
544 0
544 0
552 0
566 0
561 0
567 0
571 0
578 0
592 0
602 0
599 0
612 0
613 0
628 0
631 0
629 0
642 0
640 0
654 0
659 0
661 0
669 0
673 0
677 0
678 0
684 0
689 0
695 0
699 0
697 0
690 0
712 0
710 0
712 0
717 0
719 0
729 0
717 0
727 0
735 0
738 0
744 0
746 0
752 0
754 2
755 2
754 2
752 2
768 2
775 2
776 2
776 2
770 2
789 2
784 2
773 2
780 2
782 2
787 2
787 2
803 2
808 2
801 2
800 2
790 2
788 2
795 2
792 2
817 2
814 2
815 2
809 2
797 2
805 2
801 2
797 2
793 2
788 2
815 2
796 2
811 2
799 2
787 2
789 2
788 2
789 2
789 2
788 2
798 2
788 2
785 2
787 2
776 2
774 2
771 2
756 2
753 0
751 0
748 0
734 0
741 0
734 0
738 0
738 2
736 0
727 0
725 0
734 0
736 0
733 0
728 0
733 0
731 0
728 0
730 0
732 0
728 0
739 0
737 0
730 0
736 0
731 0
734 0
737 0
735 0
731 0
734 0
740 0
739 0
741 0
735 0
730 0
729 0
738 0
740 0
734 0
744 0
741 0
754 0
738 0
746 0
744 2
752 0
743 2
756 2
762 2
747 0
754 0
759 2
761 2
762 2
767 2
758 2
757 2
767 2
770 2
769 2
765 2
769 2
772 2
780 2
771 0
776 2
773 2
771 2
781 2
779 2
782 2
781 2
771 2
782 2
785 2
774 2
773 2
777 2
777 2
773 2
780 2
785 2
782 2
783 2
781 2
775 2
782 2
777 2
786 2
780 2
777 2
788 2
779 2
789 2
781 2
777 2
780 2
785 2
780 2
775 2
790 2
787 2
795 2
791 2
783 2
781 2
782 2
782 2
779 2
788 2
780 2
779 2
781 2
770 2
764 2
768 2
759 0
754 2
732 0
719 0
682 0
667 0
644 0
636 0
597 0
583 0
569 0
553 0
537 0
511 0
501 0
484 0
468 0
460 0
423 0
405 0
388 0
372 0
358 0
330 0
322 0
308 0
295 0
284 0
264 0
264 0
251 0
253 0
256 0
268 0
272 0
282 0
294 0
324 0
343 0
356 2
363 2
662 2
1137 2
1170 2
1161 2
716 2
748 2
748 2
736 2
1262 2
1242 2
1254 2
1247 2
748 2
756 2
737 2
763 2
1244 2
1260 2
1253 2
748 2
747 2
753 2
748 2
738 2
754 2
1151 2
1166 2
1122 2
1045 2
478 2
462 2
408 2
396 2
486 2
459 2
469 2
455 2
374 2
367 2
358 2
353 2
350 0
335 0
299 0
287 0
280 0
269 0
351 2
1049 2
1248 2
1253 2
736 2
722 2
734 2
759 2
1266 2
1273 2
1284 2
1269 2
745 2
750 2
720 2
741 2
1229 2
542 2
268 0
235 0
223 0
211 0
238 2
1221 2
1309 2
1298 2
604 2
555 2
314 2
296 2
1064 2
1106 2
1103 2
1198 2
540 2
596 2
594 2
551 2
569 2
1012 2
1053 2
1127 2
1156 2
1149 2
663 2
637 2
587 2
518 2
657 2
671 2
602 2
591 2
370 2
374 2
388 2
378 2
566 2
578 2
594 2
587 2
397 2
387 2
386 2
387 2
386 2
385 2
514 0
517 0
515 0
516 0
520 0
516 0
516 0
515 0
514 0
516 0
516 0
515 0
521 2
517 2
519 2
519 2
523 2
534 2
526 2
524 2
528 2
534 2
525 2
540 2
526 2
529 2
527 2
528 2
526 2
524 2
524 2
527 2
533 2
533 2
541 2
523 2
524 2
529 2
523 2
520 2
525 2
526 2
535 2
529 2
525 2
526 2
527 2
527 2
524 2
520 2
523 2
532 2
533 2
528 2
530 2
525 2
526 2
525 2
523 2
530 2
549 2
539 2
535 2
535 2
531 2
526 2
523 2
532 2
526 2
538 2
540 2
528 2
526 2
526 2
526 2
537 2
535 2
525 2
528 2
521 2
523 2
524 2
529 2
529 2
523 2
523 2
524 2
542 2
515 2
526 2
521 2
524 2
533 2
523 2
521 2
525 2
529 2
520 2
524 2
525 2
527 2
527 2
529 2
520 2
551 2
524 2
534 2
528 2
524 2
524 2
519 2
537 2
527 2
521 2
529 2
529 2
524 2
529 2
526 2
529 2
525 2
530 2
526 2
525 2
538 2
524 2
528 2
526 2
526 2
521 2
523 2
528 2
523 2
533 2
539 2
539 2
525 2
527 2
526 2
528 2
532 2
527 2
532 2
520 2
524 2
523 2
526 2
527 2
523 2
523 2
535 2
524 2
521 2
526 2
531 2
527 2
526 2
525 2
533 2
537 2
531 2
533 2
525 2
526 2
520 2
524 2
524 2
521 2
535 2
533 2
545 2
538 2
530 2
525 2
529 2
517 2
520 2
538 2
542 2
526 2
524 2
532 2
520 2
525 2
540 2
526 2
526 2
527 2
528 2
524 2
524 2
525 2
534 2
527 2
525 2
524 2
525 2
525 2
526 2
528 2
525 2
529 2
524 2
530 2
534 2
523 2
524 2
520 2
523 2
524 2
527 2
523 2
535 2
533 2
536 2
528 2
525 2
527 2

Эксперимент №__, SigmaMilliMeter = 
